Response ID, industry sector,Work Method,Unnamed: 3,Unnamed: 4,Unnamed: 5,Unnamed: 6,Unnamed: 7,Unnamed: 8,Unnamed: 9
79816833,,,,,,,,,
102061302,4.0,2.0,,,,,,,
102084379,12.0,1.0,,,,,,,
102107857,4.0,1.0,,,,,,,
102115313,20.0,2.0,,,,,,,
102117993,16.0,2.0,,,,,,,
102123547,11.0,2.0,,,,,,,
102130489,7.0,2.0,,,,,,,Q9-C40. How do you typically work in your current job? 
102132410,13.0,1.0,,,,,,,Answer
102138551,15.0,2.0,,,,,,1.0,Fully remote (working from home or another location)
102151814,5.0,1.0,,,,,,2.0,Fully in-person (working at a physical office or location)
102152737,12.0,2.0,,,,,,3.0,"Hybrid, dominated by in-person work (spending the majority of your work time at a physical office or location, with some remote work)"
102156855,5.0,1.0,,,,,,4.0,"Hybrid, dominated by remote work (spending the majority of your work time working from home or another location, with some in-person work)"
102170348,9.0,1.0,,,,,,,
102170586,16.0,2.0,,,,,,,
102173200,15.0,1.0,,,,,,,
102180525,4.0,2.0,,,,,,,
102184796,12.0,1.0,,,,,,,
102187530,12.0,2.0,,,,,,,
102198106,15.0,2.0,,,,,,,
102204407,16.0,2.0,,,,,,1.0,"Agriculture, Forestry, Fishing and Hunting"
102205996,9.0,2.0,,,,,,2.0,"Mining, Quarrying, and Oil and Gas Extraction"
102264856,12.0,1.0,,,,,,3.0,Utilities
102291478,12.0,2.0,,,,,,4.0,Construction
102312333,12.0,2.0,,,,,,5.0,Manufacturing
102316809,12.0,2.0,,,,,,6.0,Wholesale Trade
102369611,5.0,2.0,,,,,,7.0,Retail Trade
102378931,8.0,2.0,,,,,,8.0,Transportation and Warehousing
102387460,5.0,2.0,,,,,,9.0,Information
102429178,10.0,1.0,,,,,,10.0,Finance and Insurance
102445186,20.0,2.0,,,,,,11.0,Real Estate and Rental and Leasing
102446943,12.0,1.0,,,,,,12.0,"Professional, Scientific, and Technical Services"
102448655,16.0,2.0,,,,,,13.0,Management of Companies and Enterprises
102458888,12.0,1.0,,,,,,14.0,Administrative and Support and Waste Management and Remediation Services
102483431,9.0,1.0,,,,,,15.0,Educational Services
102578254,5.0,2.0,,,,,,16.0,Health Care and Social Assistance
102669551,10.0,2.0,,,,,,17.0,"Arts, Entertainment, and Recreation"
102672776,16.0,2.0,,,,,,18.0,Accommodation and Food Services
102722145,16.0,2.0,,,,,,19.0,Other Services (except Public Administration)
102728138,15.0,2.0,,,,,,20.0,Public Administration (not covered in economic census)
102734244,6.0,1.0,,,,,,,
102760052,10.0,1.0,,,,,,,
102762134,15.0,2.0,,,,,,,
102762177,12.0,1.0,,,,,,,
102764204,12.0,2.0,,,,,,,
102765993,3.0,2.0,,,,,,,
102766462,18.0,2.0,,,,,,,
102786441,12.0,2.0,,,,,,,
102786946,4.0,2.0,,,,,,,
102793604,5.0,2.0,,,,,,,
102794559,4.0,1.0,,,,,,,
102794939,15.0,1.0,,,,,,,
102797204,19.0,2.0,,,,,,,
102803870,19.0,2.0,,,,,,,
103014306,19.0,2.0,,,,,,,
103033915,7.0,2.0,,,,,,,
103231839,18.0,1.0,,,,,,,
103233631,7.0,2.0,,,,,,,
103234183,7.0,2.0,,,,,,,
103234396,15.0,1.0,,,,,,,
103235794,5.0,1.0,,,,,,,
103244521,16.0,2.0,,,,,,,
103741008,15.0,1.0,,,,,,,
103806043,15.0,2.0,,,,,,,
103809111,16.0,2.0,,,,,,,
103813541,16.0,1.0,,,,,,,
103994754,15.0,2.0,,,,,,,
104569675,6.0,2.0,,,,,,,
104570142,7.0,2.0,,,,,,,
104588377,4.0,2.0,,,,,,,
104589652,5.0,1.0,,,,,,,
104589881,5.0,2.0,,,,,,,
104589999,10.0,2.0,,,,,,,
104590266,5.0,1.0,,,,,,,
104590553,7.0,2.0,,,,,,,
104590605,5.0,2.0,,,,,,,
104590608,9.0,2.0,,,,,,,
104590609,5.0,2.0,,,,,,,
104590611,5.0,2.0,,,,,,,
104590613,5.0,2.0,,,,,,,
104590614,5.0,2.0,,,,,,,
104590615,5.0,2.0,,,,,,,
104590618,5.0,2.0,,,,,,,
104590619,5.0,2.0,,,,,,,
104590620,5.0,2.0,,,,,,,
104590621,5.0,2.0,,,,,,,
104590624,5.0,2.0,,,,,,,
104590625,5.0,2.0,,,,,,,
104590911,4.0,2.0,,,,,,,
104590938,8.0,1.0,,,,,,,
104591028,4.0,2.0,,,,,,,
104591105,5.0,1.0,,,,,,,
104591106,5.0,1.0,,,,,,,
104591108,5.0,1.0,,,,,,,
104591110,5.0,1.0,,,,,,,
104591330,1.0,2.0,,,,,,,
104591331,12.0,2.0,,,,,,,
104591332,1.0,2.0,,,,,,,
104591333,2.0,1.0,,,,,,,
104591334,2.0,1.0,,,,,,,
104591335,1.0,2.0,,,,,,,
104591336,12.0,2.0,,,,,,,
104591337,12.0,2.0,,,,,,,
104591338,2.0,1.0,,,,,,,
104591339,2.0,1.0,,,,,,,
104591340,1.0,2.0,,,,,,,
104591341,2.0,1.0,,,,,,,
104591342,13.0,2.0,,,,,,,
104591343,12.0,2.0,,,,,,,
104591344,1.0,2.0,,,,,,,
104591345,7.0,1.0,,,,,,,
104591346,7.0,1.0,,,,,,,
104591347,7.0,1.0,,,,,,,
104591349,7.0,1.0,,,,,,,
104591350,12.0,2.0,,,,,,,
104591351,12.0,2.0,,,,,,,
104591352,12.0,2.0,,,,,,,
104591353,13.0,2.0,,,,,,,
104591354,12.0,2.0,,,,,,,
104591355,13.0,2.0,,,,,,,
104591356,12.0,2.0,,,,,,,
104591357,13.0,2.0,,,,,,,
104591358,13.0,2.0,,,,,,,
104591359,12.0,2.0,,,,,,,
104591360,13.0,2.0,,,,,,,
104591361,7.0,1.0,,,,,,,
104591363,18.0,2.0,,,,,,,
104591364,18.0,2.0,,,,,,,
104591365,18.0,2.0,,,,,,,
104591366,18.0,2.0,,,,,,,
104591367,12.0,2.0,,,,,,,
104591368,18.0,2.0,,,,,,,
104591369,18.0,2.0,,,,,,,
104591370,1.0,2.0,,,,,,,
104591471,8.0,2.0,,,,,,,
104591750,15.0,2.0,,,,,,,
104591814,8.0,1.0,,,,,,,
104591815,8.0,1.0,,,,,,,
104591816,8.0,1.0,,,,,,,
104591817,8.0,1.0,,,,,,,
104591818,8.0,1.0,,,,,,,
104591828,8.0,1.0,,,,,,,
104591912,5.0,2.0,,,,,,,
104591924,8.0,1.0,,,,,,,
104591925,8.0,1.0,,,,,,,
104591926,8.0,1.0,,,,,,,
104591929,8.0,1.0,,,,,,,
104591930,8.0,1.0,,,,,,,
104592030,7.0,1.0,,,,,,,
104592031,7.0,1.0,,,,,,,
104592032,7.0,1.0,,,,,,,
104592033,7.0,1.0,,,,,,,
104592034,7.0,1.0,,,,,,,
104592035,7.0,1.0,,,,,,,
104592093,9.0,1.0,,,,,,,
104592094,9.0,1.0,,,,,,,
104592095,9.0,1.0,,,,,,,
104592096,9.0,1.0,,,,,,,
104592097,9.0,1.0,,,,,,,
104592123,7.0,2.0,,,,,,,
104592211,1.0,2.0,,,,,,,
104592232,8.0,1.0,,,,,,,
104592234,8.0,1.0,,,,,,,
104592235,8.0,1.0,,,,,,,
104592237,8.0,1.0,,,,,,,
104592238,8.0,1.0,,,,,,,
104592239,8.0,1.0,,,,,,,
104592317,17.0,1.0,,,,,,,
104592333,7.0,1.0,,,,,,,
104592334,7.0,1.0,,,,,,,
104592335,7.0,1.0,,,,,,,
104592336,7.0,1.0,,,,,,,
104592337,7.0,1.0,,,,,,,
104592338,7.0,1.0,,,,,,,
104592482,7.0,2.0,,,,,,,
104592511,11.0,1.0,,,,,,,
104592551,7.0,1.0,,,,,,,
104592620,14.0,1.0,,,,,,,
104592673,10.0,2.0,,,,,,,
104592680,5.0,1.0,,,,,,,
104592785,5.0,2.0,,,,,,,
104592804,4.0,2.0,,,,,,,
104592808,11.0,1.0,,,,,,,
104592933,5.0,2.0,,,,,,,
104593015,10.0,2.0,,,,,,,
104593193,3.0,1.0,,,,,,,
104593388,11.0,2.0,,,,,,,
104593389,15.0,1.0,,,,,,,
104593391,15.0,2.0,,,,,,,
104593392,1.0,2.0,,,,,,,
104593393,16.0,2.0,,,,,,,
104593396,20.0,2.0,,,,,,,
104593404,3.0,2.0,,,,,,,
104593405,3.0,2.0,,,,,,,
104593406,4.0,2.0,,,,,,,
104593407,1.0,1.0,,,,,,,
104593408,2.0,2.0,,,,,,,
104593410,3.0,2.0,,,,,,,
104593417,19.0,2.0,,,,,,,
104593742,15.0,2.0,,,,,,,
104593841,14.0,2.0,,,,,,,
104593842,15.0,2.0,,,,,,,
104593844,14.0,2.0,,,,,,,
104593845,18.0,2.0,,,,,,,
104593848,1.0,2.0,,,,,,,
104593854,15.0,1.0,,,,,,,
104593855,6.0,1.0,,,,,,,
104593856,20.0,1.0,,,,,,,
104593857,11.0,1.0,,,,,,,
104593860,2.0,2.0,,,,,,,
104593864,5.0,2.0,,,,,,,
104594233,10.0,2.0,,,,,,,
104594234,4.0,1.0,,,,,,,
104594343,3.0,1.0,,,,,,,
104594816,5.0,2.0,,,,,,,
104594963,5.0,2.0,,,,,,,
104595094,3.0,1.0,,,,,,,
104595108,18.0,2.0,,,,,,,
104595445,5.0,1.0,,,,,,,
104595448,5.0,1.0,,,,,,,
104596736,15.0,2.0,,,,,,,
104597199,3.0,1.0,,,,,,,
104597654,11.0,1.0,,,,,,,
104597658,5.0,2.0,,,,,,,
104598184,4.0,2.0,,,,,,,
104599950,4.0,1.0,,,,,,,
104599952,17.0,1.0,,,,,,,
104600370,7.0,2.0,,,,,,,
104600371,15.0,2.0,,,,,,,
104600372,13.0,1.0,,,,,,,
104600413,16.0,2.0,,,,,,,
104600414,13.0,2.0,,,,,,,
104600415,15.0,2.0,,,,,,,
104600416,13.0,2.0,,,,,,,
104600417,15.0,2.0,,,,,,,
104600418,16.0,2.0,,,,,,,
104600419,15.0,2.0,,,,,,,
104600420,13.0,2.0,,,,,,,
104600445,14.0,2.0,,,,,,,
104600502,10.0,2.0,,,,,,,
104600877,10.0,2.0,,,,,,,
104601008,9.0,2.0,,,,,,,
104601009,9.0,2.0,,,,,,,
104601010,9.0,2.0,,,,,,,
104601011,9.0,2.0,,,,,,,
104601015,9.0,2.0,,,,,,,
104601016,9.0,2.0,,,,,,,
104601017,9.0,2.0,,,,,,,
104601018,9.0,2.0,,,,,,,
104601020,9.0,2.0,,,,,,,
104601021,9.0,2.0,,,,,,,
104601022,9.0,2.0,,,,,,,
104601023,9.0,2.0,,,,,,,
104601024,9.0,2.0,,,,,,,
104601025,9.0,2.0,,,,,,,
104601026,9.0,2.0,,,,,,,
104601029,9.0,2.0,,,,,,,
104601030,9.0,2.0,,,,,,,
104601031,9.0,2.0,,,,,,,
104601032,9.0,2.0,,,,,,,
104601033,7.0,1.0,,,,,,,
104601034,9.0,2.0,,,,,,,
104601035,9.0,2.0,,,,,,,
104601036,6.0,1.0,,,,,,,
104601625,5.0,2.0,,,,,,,
104601665,10.0,2.0,,,,,,,
104601804,13.0,1.0,,,,,,,
104601808,13.0,1.0,,,,,,,
104601817,13.0,1.0,,,,,,,
104601820,13.0,1.0,,,,,,,
104601895,15.0,2.0,,,,,,,
104602586,4.0,2.0,,,,,,,
104602591,4.0,2.0,,,,,,,
104603506,7.0,2.0,,,,,,,
104603597,4.0,2.0,,,,,,,
104603875,4.0,2.0,,,,,,,
104603876,15.0,2.0,,,,,,,
104603954,4.0,2.0,,,,,,,
104604587,5.0,1.0,,,,,,,
104604588,7.0,2.0,,,,,,,
104605223,6.0,2.0,,,,,,,
104605225,5.0,2.0,,,,,,,
104605501,3.0,1.0,,,,,,,
104605504,3.0,1.0,,,,,,,
104605740,7.0,2.0,,,,,,,
104605869,6.0,1.0,,,,,,,
104605872,7.0,1.0,,,,,,,
104605875,8.0,2.0,,,,,,,
104605886,4.0,2.0,,,,,,,
104605968,8.0,2.0,,,,,,,
104606079,10.0,2.0,,,,,,,
104606379,4.0,2.0,,,,,,,
104606386,5.0,1.0,,,,,,,
104606434,6.0,2.0,,,,,,,
104606996,3.0,2.0,,,,,,,
104607030,12.0,2.0,,,,,,,
104607393,8.0,2.0,,,,,,,
104607394,14.0,2.0,,,,,,,
104607395,5.0,2.0,,,,,,,
104607396,19.0,2.0,,,,,,,
104607397,16.0,2.0,,,,,,,
104607399,18.0,2.0,,,,,,,
104607400,7.0,2.0,,,,,,,
104607401,9.0,2.0,,,,,,,
104607403,13.0,2.0,,,,,,,
104607404,12.0,2.0,,,,,,,
104607406,6.0,2.0,,,,,,,
104607408,6.0,2.0,,,,,,,
104607410,14.0,2.0,,,,,,,
104607411,4.0,2.0,,,,,,,
104607412,10.0,2.0,,,,,,,
104607413,7.0,2.0,,,,,,,
104607414,19.0,2.0,,,,,,,
104607415,7.0,2.0,,,,,,,
104607416,5.0,2.0,,,,,,,
104607439,11.0,2.0,,,,,,,
104607555,8.0,2.0,,,,,,,
104607556,17.0,2.0,,,,,,,
104607558,5.0,2.0,,,,,,,
104607559,9.0,2.0,,,,,,,
104607560,16.0,2.0,,,,,,,
104607561,9.0,2.0,,,,,,,
104607562,12.0,2.0,,,,,,,
104607563,13.0,2.0,,,,,,,
104607564,17.0,2.0,,,,,,,
104607567,1.0,2.0,,,,,,,
104607568,2.0,2.0,,,,,,,
104607569,13.0,2.0,,,,,,,
104607570,5.0,2.0,,,,,,,
104607571,6.0,2.0,,,,,,,
104607572,18.0,2.0,,,,,,,
104607575,20.0,2.0,,,,,,,
104607576,10.0,2.0,,,,,,,
104607577,2.0,2.0,,,,,,,
104607578,8.0,2.0,,,,,,,
104607579,3.0,2.0,,,,,,,
104607612,13.0,2.0,,,,,,,
104607641,18.0,2.0,,,,,,,
104607642,12.0,2.0,,,,,,,
104607643,10.0,2.0,,,,,,,
104607644,11.0,2.0,,,,,,,
104607646,19.0,2.0,,,,,,,
104607650,5.0,2.0,,,,,,,
104607652,16.0,2.0,,,,,,,
104607653,6.0,2.0,,,,,,,
104607656,7.0,2.0,,,,,,,
104607657,16.0,2.0,,,,,,,
104607660,11.0,2.0,,,,,,,
104607662,15.0,2.0,,,,,,,
104607665,20.0,2.0,,,,,,,
104607670,19.0,2.0,,,,,,,
104607671,8.0,2.0,,,,,,,
104607673,15.0,2.0,,,,,,,
104607674,15.0,2.0,,,,,,,
104607675,17.0,2.0,,,,,,,
104607676,12.0,2.0,,,,,,,
104607714,5.0,1.0,,,,,,,
104607715,5.0,1.0,,,,,,,
104607766,19.0,2.0,,,,,,,
104607768,18.0,2.0,,,,,,,
104607769,9.0,2.0,,,,,,,
104607772,9.0,2.0,,,,,,,
104607773,19.0,2.0,,,,,,,
104607774,19.0,2.0,,,,,,,
104607775,2.0,2.0,,,,,,,
104607776,12.0,1.0,,,,,,,
104607777,19.0,2.0,,,,,,,
104607778,18.0,1.0,,,,,,,
104607781,1.0,1.0,,,,,,,
104607785,1.0,2.0,,,,,,,
104607790,15.0,2.0,,,,,,,
104607795,13.0,2.0,,,,,,,
104607797,7.0,2.0,,,,,,,
104607817,4.0,2.0,,,,,,,
104607818,10.0,2.0,,,,,,,
104607819,3.0,2.0,,,,,,,
104607820,16.0,2.0,,,,,,,
104607822,20.0,2.0,,,,,,,
104607823,10.0,2.0,,,,,,,
104607824,10.0,2.0,,,,,,,
104607825,15.0,2.0,,,,,,,
104607826,7.0,2.0,,,,,,,
104607827,14.0,2.0,,,,,,,
104607828,14.0,2.0,,,,,,,
104607829,16.0,2.0,,,,,,,
104607830,18.0,2.0,,,,,,,
104607831,2.0,2.0,,,,,,,
104607832,2.0,2.0,,,,,,,
104607833,13.0,2.0,,,,,,,
104607834,15.0,2.0,,,,,,,
104607835,17.0,2.0,,,,,,,
104607846,12.0,2.0,,,,,,,
104607858,8.0,2.0,,,,,,,
104607859,2.0,2.0,,,,,,,
104607861,4.0,2.0,,,,,,,
104607862,5.0,2.0,,,,,,,
104607864,2.0,2.0,,,,,,,
104607865,7.0,2.0,,,,,,,
104607866,15.0,2.0,,,,,,,
104607867,9.0,2.0,,,,,,,
104607869,9.0,2.0,,,,,,,
104607870,5.0,2.0,,,,,,,
104607872,8.0,2.0,,,,,,,
104607873,2.0,2.0,,,,,,,
104607875,9.0,2.0,,,,,,,
104607876,6.0,2.0,,,,,,,
104607878,1.0,2.0,,,,,,,
104607880,16.0,2.0,,,,,,,
104607882,8.0,2.0,,,,,,,
104607884,16.0,2.0,,,,,,,
104607885,4.0,2.0,,,,,,,
104607888,9.0,2.0,,,,,,,
104607916,19.0,2.0,,,,,,,
104607919,16.0,2.0,,,,,,,
104607920,15.0,2.0,,,,,,,
104607922,1.0,2.0,,,,,,,
104607924,20.0,2.0,,,,,,,
104607925,2.0,2.0,,,,,,,
104607926,20.0,2.0,,,,,,,
104607927,11.0,2.0,,,,,,,
104607928,5.0,2.0,,,,,,,
104607929,15.0,2.0,,,,,,,
104607930,20.0,2.0,,,,,,,
104607931,9.0,2.0,,,,,,,
104607932,11.0,2.0,,,,,,,
104607933,3.0,2.0,,,,,,,
104607935,14.0,2.0,,,,,,,
104607936,13.0,2.0,,,,,,,
104607937,6.0,2.0,,,,,,,
104607938,19.0,2.0,,,,,,,
104607939,16.0,2.0,,,,,,,
104607942,15.0,2.0,,,,,,,
104607943,7.0,2.0,,,,,,,
104607991,9.0,2.0,,,,,,,
104607992,20.0,2.0,,,,,,,
104607994,6.0,2.0,,,,,,,
104607995,8.0,2.0,,,,,,,
104607996,13.0,2.0,,,,,,,
104607999,8.0,2.0,,,,,,,
104608003,5.0,2.0,,,,,,,
104608005,14.0,2.0,,,,,,,
104608009,7.0,2.0,,,,,,,
104608012,5.0,2.0,,,,,,,
104608015,20.0,2.0,,,,,,,
104608019,1.0,2.0,,,,,,,
104608020,10.0,2.0,,,,,,,
104608022,13.0,2.0,,,,,,,
104608023,15.0,2.0,,,,,,,
104608072,4.0,2.0,,,,,,,
104608087,13.0,2.0,,,,,,,
104608114,17.0,2.0,,,,,,,
104608115,11.0,2.0,,,,,,,
104608116,20.0,2.0,,,,,,,
104608118,9.0,2.0,,,,,,,
104608119,1.0,2.0,,,,,,,
104608120,6.0,2.0,,,,,,,
104608121,13.0,2.0,,,,,,,
104608122,1.0,2.0,,,,,,,
104608123,17.0,2.0,,,,,,,
104608124,11.0,2.0,,,,,,,
104608125,8.0,2.0,,,,,,,
104608126,19.0,2.0,,,,,,,
104608127,8.0,2.0,,,,,,,
104608128,1.0,2.0,,,,,,,
104608129,11.0,2.0,,,,,,,
104608130,14.0,2.0,,,,,,,
104608131,7.0,2.0,,,,,,,
104608187,11.0,2.0,,,,,,,
104608299,8.0,2.0,,,,,,,
104608300,4.0,2.0,,,,,,,
104608301,5.0,2.0,,,,,,,
104608302,6.0,2.0,,,,,,,
104608303,14.0,2.0,,,,,,,
104608304,19.0,2.0,,,,,,,
104608305,19.0,2.0,,,,,,,
104608306,18.0,2.0,,,,,,,
104608307,4.0,2.0,,,,,,,
104608309,18.0,2.0,,,,,,,
104608310,12.0,2.0,,,,,,,
104608311,13.0,2.0,,,,,,,
104608313,15.0,2.0,,,,,,,
104608315,19.0,2.0,,,,,,,
104608318,15.0,2.0,,,,,,,
104608320,12.0,2.0,,,,,,,
104608322,8.0,2.0,,,,,,,
104608323,6.0,2.0,,,,,,,
104608325,7.0,2.0,,,,,,,
104608429,14.0,2.0,,,,,,,
104608430,18.0,2.0,,,,,,,
104608431,1.0,2.0,,,,,,,
104608432,12.0,2.0,,,,,,,
104608433,14.0,2.0,,,,,,,
104608435,9.0,2.0,,,,,,,
104608436,11.0,2.0,,,,,,,
104608437,12.0,2.0,,,,,,,
104608438,18.0,2.0,,,,,,,
104608440,1.0,2.0,,,,,,,
104608441,19.0,2.0,,,,,,,
104608442,5.0,2.0,,,,,,,
104608444,12.0,2.0,,,,,,,
104608445,13.0,2.0,,,,,,,
104608446,13.0,2.0,,,,,,,
104608447,1.0,2.0,,,,,,,
104608450,15.0,2.0,,,,,,,
104608452,12.0,2.0,,,,,,,
104608453,8.0,2.0,,,,,,,
104608455,12.0,2.0,,,,,,,
104608456,14.0,2.0,,,,,,,
104608457,8.0,2.0,,,,,,,
104608458,12.0,2.0,,,,,,,
104608459,18.0,2.0,,,,,,,
104608460,16.0,2.0,,,,,,,
104608461,1.0,2.0,,,,,,,
104608462,10.0,2.0,,,,,,,
104608463,4.0,2.0,,,,,,,
104608464,1.0,2.0,,,,,,,
104608465,7.0,2.0,,,,,,,
104608466,5.0,2.0,,,,,,,
104608467,1.0,2.0,,,,,,,
104608468,7.0,2.0,,,,,,,
104608469,7.0,2.0,,,,,,,
104608477,8.0,2.0,,,,,,,
104608499,18.0,2.0,,,,,,,
104608500,6.0,2.0,,,,,,,
104608502,4.0,2.0,,,,,,,
104608503,16.0,2.0,,,,,,,
104608504,14.0,2.0,,,,,,,
104608505,1.0,2.0,,,,,,,
104608507,5.0,2.0,,,,,,,
104608509,6.0,2.0,,,,,,,
104608511,19.0,2.0,,,,,,,
104608512,20.0,2.0,,,,,,,
104608513,2.0,2.0,,,,,,,
104608515,1.0,2.0,,,,,,,
104608522,2.0,2.0,,,,,,,
104608524,10.0,2.0,,,,,,,
104608615,1.0,2.0,,,,,,,
104608616,9.0,2.0,,,,,,,
104608618,5.0,2.0,,,,,,,
104608619,7.0,2.0,,,,,,,
104608620,10.0,2.0,,,,,,,
104608622,4.0,2.0,,,,,,,
104608624,2.0,2.0,,,,,,,
104608625,13.0,2.0,,,,,,,
104608626,14.0,2.0,,,,,,,
104608627,10.0,2.0,,,,,,,
104608628,17.0,2.0,,,,,,,
104608629,3.0,2.0,,,,,,,
104608630,12.0,2.0,,,,,,,
104608632,10.0,2.0,,,,,,,
104608633,13.0,2.0,,,,,,,
104608634,20.0,2.0,,,,,,,
104608635,18.0,2.0,,,,,,,
104608637,14.0,2.0,,,,,,,
104608647,20.0,2.0,,,,,,,
104608648,13.0,2.0,,,,,,,
104608649,3.0,2.0,,,,,,,
104608650,17.0,2.0,,,,,,,
104608651,11.0,2.0,,,,,,,
104608652,19.0,2.0,,,,,,,
104608656,12.0,2.0,,,,,,,
104608657,12.0,2.0,,,,,,,
104608658,11.0,2.0,,,,,,,
104608659,20.0,2.0,,,,,,,
104608660,15.0,2.0,,,,,,,
104608661,20.0,2.0,,,,,,,
104608662,3.0,2.0,,,,,,,
104608663,7.0,2.0,,,,,,,
104608664,12.0,2.0,,,,,,,
104608665,1.0,2.0,,,,,,,
104608667,3.0,2.0,,,,,,,
104608669,17.0,2.0,,,,,,,
104608685,5.0,2.0,,,,,,,
104608777,11.0,2.0,,,,,,,
104608778,12.0,2.0,,,,,,,
104608781,8.0,2.0,,,,,,,
104608783,9.0,2.0,,,,,,,
104608785,15.0,2.0,,,,,,,
104608786,16.0,2.0,,,,,,,
104608787,1.0,2.0,,,,,,,
104608788,19.0,2.0,,,,,,,
104608789,3.0,2.0,,,,,,,
104608791,4.0,2.0,,,,,,,
104608792,9.0,2.0,,,,,,,
104608793,11.0,2.0,,,,,,,
104608794,13.0,2.0,,,,,,,
104608796,15.0,2.0,,,,,,,
104608799,20.0,2.0,,,,,,,
104608800,1.0,2.0,,,,,,,
104608801,3.0,2.0,,,,,,,
104608810,17.0,2.0,,,,,,,
104608905,10.0,2.0,,,,,,,
104608906,11.0,2.0,,,,,,,
104608910,2.0,2.0,,,,,,,
104608914,6.0,2.0,,,,,,,
104608921,11.0,2.0,,,,,,,
104608943,18.0,2.0,,,,,,,
104608958,19.0,2.0,,,,,,,
104608960,19.0,2.0,,,,,,,
104608962,12.0,2.0,,,,,,,
104608963,14.0,2.0,,,,,,,
104608964,8.0,2.0,,,,,,,
104608971,10.0,2.0,,,,,,,
104609101,18.0,2.0,,,,,,,
104609102,6.0,2.0,,,,,,,
104609103,3.0,2.0,,,,,,,
104609105,10.0,2.0,,,,,,,
104609106,6.0,2.0,,,,,,,
104609107,5.0,2.0,,,,,,,
104609108,9.0,2.0,,,,,,,
104609109,18.0,2.0,,,,,,,
104609110,19.0,2.0,,,,,,,
104609111,9.0,2.0,,,,,,,
104609112,13.0,2.0,,,,,,,
104609113,6.0,2.0,,,,,,,
104609114,8.0,2.0,,,,,,,
104609117,7.0,2.0,,,,,,,
104609118,7.0,2.0,,,,,,,
104609119,14.0,2.0,,,,,,,
104609120,6.0,2.0,,,,,,,
104609121,4.0,2.0,,,,,,,
104609122,15.0,2.0,,,,,,,
104609328,10.0,2.0,,,,,,,
104609600,5.0,2.0,,,,,,,
104609849,7.0,2.0,,,,,,,
104609934,16.0,2.0,,,,,,,
104609935,14.0,2.0,,,,,,,
104609937,5.0,2.0,,,,,,,
104609939,8.0,2.0,,,,,,,
104609940,19.0,2.0,,,,,,,
104609941,2.0,2.0,,,,,,,
104609943,4.0,2.0,,,,,,,
104609944,19.0,2.0,,,,,,,
104609945,17.0,2.0,,,,,,,
104609947,5.0,2.0,,,,,,,
104609948,9.0,2.0,,,,,,,
104609953,1.0,2.0,,,,,,,
104609954,13.0,2.0,,,,,,,
104609955,12.0,2.0,,,,,,,
104609956,3.0,2.0,,,,,,,
104609957,1.0,2.0,,,,,,,
104609963,4.0,2.0,,,,,,,
104609965,7.0,2.0,,,,,,,
104610239,6.0,2.0,,,,,,,
104610358,4.0,1.0,,,,,,,
104610487,2.0,2.0,,,,,,,
104610489,4.0,2.0,,,,,,,
104610491,10.0,2.0,,,,,,,
104610492,3.0,2.0,,,,,,,
104610494,16.0,2.0,,,,,,,
104610495,3.0,2.0,,,,,,,
104610496,4.0,2.0,,,,,,,
104610497,6.0,2.0,,,,,,,
104610498,7.0,2.0,,,,,,,
104610499,8.0,2.0,,,,,,,
104610500,9.0,2.0,,,,,,,
104610501,11.0,2.0,,,,,,,
104610503,13.0,2.0,,,,,,,
104610506,17.0,2.0,,,,,,,
104610507,15.0,2.0,,,,,,,
104610508,19.0,2.0,,,,,,,
104610510,20.0,2.0,,,,,,,
104610511,12.0,2.0,,,,,,,
104611051,12.0,1.0,,,,,,,
104611688,4.0,2.0,,,,,,,
104611873,9.0,2.0,,,,,,,
104612243,17.0,2.0,,,,,,,
104612847,13.0,2.0,,,,,,,
104612939,7.0,2.0,,,,,,,
104613039,6.0,2.0,,,,,,,
104613191,7.0,1.0,,,,,,,
104613333,3.0,2.0,,,,,,,
104613424,13.0,1.0,,,,,,,
104613693,6.0,2.0,,,,,,,
104613909,13.0,2.0,,,,,,,
104614188,4.0,2.0,,,,,,,
104614211,14.0,1.0,,,,,,,
104615888,15.0,2.0,,,,,,,
104616135,5.0,2.0,,,,,,,
104618426,3.0,2.0,,,,,,,
104619086,1.0,2.0,,,,,,,
104620511,6.0,2.0,,,,,,,
104623141,17.0,2.0,,,,,,,
104623751,4.0,2.0,,,,,,,
104625436,5.0,2.0,,,,,,,
104625437,2.0,2.0,,,,,,,
104625438,3.0,2.0,,,,,,,
104625440,9.0,2.0,,,,,,,
104625442,10.0,2.0,,,,,,,
104625445,7.0,2.0,,,,,,,
104625446,11.0,2.0,,,,,,,
104625449,17.0,2.0,,,,,,,
104625459,17.0,2.0,,,,,,,
104627033,17.0,1.0,,,,,,,
104627985,5.0,2.0,,,,,,,
104628267,5.0,1.0,,,,,,,
104631036,8.0,1.0,,,,,,,
104631618,19.0,2.0,,,,,,,
104632038,10.0,2.0,,,,,,,
104633229,10.0,2.0,,,,,,,
104633461,10.0,1.0,,,,,,,
104637202,15.0,2.0,,,,,,,
104637888,7.0,2.0,,,,,,,
104639865,10.0,2.0,,,,,,,
104640071,4.0,2.0,,,,,,,
104640824,6.0,2.0,,,,,,,
104641199,5.0,2.0,,,,,,,
104641675,10.0,1.0,,,,,,,
104641678,5.0,2.0,,,,,,,
104641855,4.0,2.0,,,,,,,
104642160,4.0,1.0,,,,,,,
104642329,15.0,2.0,,,,,,,
104642583,9.0,1.0,,,,,,,
104642681,16.0,2.0,,,,,,,
104660792,7.0,2.0,,,,,,,
104660840,19.0,1.0,,,,,,,
104661389,19.0,1.0,,,,,,,
104661741,20.0,1.0,,,,,,,
104661989,5.0,1.0,,,,,,,
104662227,5.0,1.0,,,,,,,
104662428,4.0,1.0,,,,,,,
104662637,15.0,1.0,,,,,,,
104662846,10.0,1.0,,,,,,,
104662950,1.0,2.0,,,,,,,
104663610,20.0,1.0,,,,,,,
104664034,19.0,2.0,,,,,,,
104664892,6.0,1.0,,,,,,,
104668033,3.0,1.0,,,,,,,
104668068,3.0,1.0,,,,,,,
104668234,2.0,1.0,,,,,,,
104668395,15.0,1.0,,,,,,,
104668510,19.0,1.0,,,,,,,
104668629,5.0,1.0,,,,,,,
104668747,1.0,1.0,,,,,,,
104668871,15.0,1.0,,,,,,,
104669022,13.0,1.0,,,,,,,
104669149,8.0,1.0,,,,,,,
104669325,10.0,1.0,,,,,,,
104669450,9.0,1.0,,,,,,,
104670779,9.0,2.0,,,,,,,
104670985,5.0,2.0,,,,,,,
104671559,17.0,1.0,,,,,,,
104671560,17.0,2.0,,,,,,,
104671561,3.0,2.0,,,,,,,
104671563,16.0,1.0,,,,,,,
104671874,6.0,2.0,,,,,,,
104672002,5.0,2.0,,,,,,,
104672003,12.0,2.0,,,,,,,
104672004,14.0,1.0,,,,,,,
104672005,17.0,2.0,,,,,,,
104672006,18.0,2.0,,,,,,,
104672758,8.0,2.0,,,,,,,
104672759,8.0,2.0,,,,,,,
104672760,16.0,2.0,,,,,,,
104672762,14.0,1.0,,,,,,,
104672801,16.0,2.0,,,,,,,
104674709,5.0,2.0,,,,,,,
104675676,3.0,2.0,,,,,,,
104675705,3.0,1.0,,,,,,,
104678172,6.0,2.0,,,,,,,
104679851,11.0,2.0,,,,,,,
104681663,15.0,2.0,,,,,,,
104691794,10.0,2.0,,,,,,,
104721615,7.0,2.0,,,,,,,
104724426,5.0,2.0,,,,,,,
104733218,3.0,2.0,,,,,,,
104733220,3.0,1.0,,,,,,,
104756558,4.0,2.0,,,,,,,
104759206,3.0,1.0,,,,,,,
104759890,3.0,2.0,,,,,,,
104759891,1.0,1.0,,,,,,,
104759892,7.0,1.0,,,,,,,
104760075,7.0,1.0,,,,,,,
104760076,7.0,1.0,,,,,,,
104760077,9.0,1.0,,,,,,,
104760078,3.0,1.0,,,,,,,
104760079,7.0,1.0,,,,,,,
104760080,2.0,1.0,,,,,,,
104760234,9.0,1.0,,,,,,,
104760235,7.0,1.0,,,,,,,
104760236,7.0,1.0,,,,,,,
104760237,9.0,1.0,,,,,,,
104760238,9.0,1.0,,,,,,,
104760239,8.0,1.0,,,,,,,
104760240,12.0,1.0,,,,,,,
104760241,8.0,1.0,,,,,,,
104760242,14.0,2.0,,,,,,,
104760243,13.0,1.0,,,,,,,
104760472,7.0,1.0,,,,,,,
104760473,5.0,1.0,,,,,,,
104760474,7.0,1.0,,,,,,,
104760475,9.0,1.0,,,,,,,
104760476,6.0,1.0,,,,,,,
104760477,7.0,1.0,,,,,,,
104760478,4.0,1.0,,,,,,,
104760479,9.0,1.0,,,,,,,
104760480,7.0,1.0,,,,,,,
104760481,9.0,1.0,,,,,,,
104792240,10.0,1.0,,,,,,,
104838906,5.0,2.0,,,,,,,
104883690,4.0,2.0,,,,,,,
104884501,10.0,2.0,,,,,,,
104884918,13.0,2.0,,,,,,,
104885251,15.0,2.0,,,,,,,
104885601,13.0,1.0,,,,,,,
104885822,13.0,2.0,,,,,,,
104885999,10.0,1.0,,,,,,,
104886183,7.0,2.0,,,,,,,
104886323,4.0,1.0,,,,,,,
104886465,4.0,1.0,,,,,,,
104886595,12.0,1.0,,,,,,,
104886771,10.0,1.0,,,,,,,
104886893,10.0,2.0,,,,,,,
104887063,13.0,2.0,,,,,,,
104887165,10.0,1.0,,,,,,,
104887287,10.0,1.0,,,,,,,
104887414,4.0,1.0,,,,,,,
104892179,15.0,1.0,,,,,,,
104905502,13.0,1.0,,,,,,,
104905977,13.0,1.0,,,,,,,
104906266,5.0,1.0,,,,,,,
104906680,16.0,2.0,,,,,,,
104907667,10.0,1.0,,,,,,,
104946836,6.0,1.0,,,,,,,
105000158,7.0,2.0,,,,,,,
105044740,2.0,1.0,,,,,,,
105096298,4.0,2.0,,,,,,,
105096351,13.0,2.0,,,,,,,
105099639,7.0,2.0,,,,,,,
105099772,9.0,1.0,,,,,,,
105100157,6.0,2.0,,,,,,,
105127854,10.0,2.0,,,,,,,
105134100,15.0,2.0,,,,,,,
105146568,5.0,2.0,,,,,,,
105195448,4.0,2.0,,,,,,,
105288248,6.0,2.0,,,,,,,
105302346,6.0,2.0,,,,,,,
105486532,17.0,2.0,,,,,,,
105541210,18.0,2.0,,,,,,,
105806248,3.0,1.0,,,,,,,
105899456,7.0,2.0,,,,,,,
106022553,15.0,2.0,,,,,,,
106023152,5.0,2.0,,,,,,,
106023831,14.0,1.0,,,,,,,
106024571,1.0,1.0,,,,,,,
106025298,15.0,1.0,,,,,,,
106025712,6.0,2.0,,,,,,,
106121747,12.0,1.0,,,,,,,
108076518,15.0,2.0,,,,,,,
108154073,3.0,2.0,,,,,,,
108214741,9.0,2.0,,,,,,,
