Longitude	Latitude
-80.4347	37.2532
-80.4347	37.2532
-79.9252	37.3053
-80.4347	37.2532
-77.4807	37.4365
-79.987	37.2951
-80.4036	25.7259
-77.6229	38.2599
-79.8974	37.3441
-83.3994	42.4622
-79.9812	37.2557
-80.4347	37.2532
-80.0701	37.2849
-83.7268	42.2709
-79.987	37.2951
-77.3942	37.5503
-73.9929	40.8486
-80.0531	37.2555
-80.4347	37.2532
-80.0376	36.9135
-80.4347	37.2532
-80.0531	37.2555
-80.0531	37.2555
-79.9464	37.2348
-80.0531	37.2555
-80.0531	37.2555
-80.8688	35.401
-80.0531	37.2555
-97.822	37.751
-79.8839	37.2759
-97.822	37.751
-80.0701	37.2849
-76.9928	38.9371
-80.0531	37.2555
-79.9252	37.3053
-80.4347	37.2532
-79.8839	37.2759
-79.8974	37.3441
-97.822	37.751
-80.4347	37.2532
-80.0531	37.2555
-78.9411	36.7642
-80.4347	37.2532
-77.3942	37.5503
-80.4347	37.2532
-81.6624	30.45
-80.5474	37.1222
-80.4347	37.2532
-80.4347	37.2532
-80.4347	37.2532
-80.4347	37.2532
-77.4807	37.4365
-80.4347	37.2532
-80.0701	37.2849
-80.0531	37.2555
-80.0531	37.2555
-80.0531	37.2555
-80.0531	37.2555
-80.0531	37.2555
-79.9464	37.2348
-80.8428	35.2316
-79.5335	37.3155
-87.6133	41.8764
-89.4491	43.0725
-89.4075	43.0782
-89.4491	43.0725
-89.3845	43.0812
-117.416	33.9388
-91.1431	30.4042
-77.2481	38.6583
-97.822	37.751
-96.8021	32.7889
-96.8021	32.7889
-75.0041	40.185
-84.5053	34.0414
-97.822	37.751
-97.822	37.751
-97.822	37.751
-97.822	37.751
-97.822	37.751
-97.822	37.751
-97.822	37.751
-97.822	37.751
-77.539	39.018
-97.822	37.751
-97.822	37.751
-77.6443	39.0814
-97.822	37.751
-73.1597	40.8833
-83.2514	42.4261
-73.9467	40.598
-87.6798	41.6574
-73.9467	40.598
-74.4996	40.4992
-80.7061	35.115
-97.6858	32.7519
-95.4093	29.7545
-84.7293	38.0405
-112.0908	33.6362
-95.9998	41.2377
-121.4956	38.5092
-73.7511	40.7415
-122.5303	37.8938
-84.3922	33.9349
-71.1814	42.3725
-73.9877	40.7425
-115.1175	36.1472
-121.32	38.5674
-80.312	25.7381
-73.9877	40.7425
-96.846	37.8199
-117.2936	34.4994
-77.3858	37.1794
-82.7001	28.0973
-117.067	33.1097
-84.0144	34.0014
-122.6079	45.3993
-77.539	39.018
-97.822	37.751
-83.4384	33.9588
-80.5318	35.0221
-93.6694	41.6244
-82.9286	38.7947
-84.5731	38.6297
-73.9877	40.7425
-71.0527	42.415
-81.9031	41.4136
-81.1534	32.1539
-80.2067	25.8117
-77.5216	40.0537
-97.822	37.751
-80.2952	25.7807
-118.5789	34.2601
-86.0859	39.8291
-97.822	37.751
-87.7108	41.9984
-104.5269	38.8289
-88.3028	41.8847
-121.6164	36.6808
-97.5234	30.339
-114.382	42.9474
-93.6071	44.8058
-82.5126	28.4797
-83.379	42.5403
-122.7401	45.5894
-77.183	39.1723
-118.1461	34.069
-81.4613	39.4251
-87.774	41.4182
-81.1722	39.3893
-76.7279	37.2731
-83.8852	32.5484
-97.822	37.751
-80.2702	25.992
-90.1562	29.9578
-120.8844	37.672
-97.822	37.751
-80.6031	35.4838
-81.4136	28.6623
-79.4086	36.1287
-87.979	42.1124
-90.1562	29.9578
-84.2951	33.7657
-80.3577	25.8153
-75.2156	40.2874
-89.0325	42.3294
-118.244	34.0544
-71.478	42.0713
-74.5749	40.8446
-80.3927	25.9092
-72.8701	41.3091
-92.1952	46.8154
-97.822	37.751
-122.3426	47.6733
-97.822	37.751
-97.822	37.751
-119.2264	34.2862
-118.244	34.0544
-73.7045	40.6981
-112.3121	33.4793
-97.822	37.751
-97.822	37.751
-157.823	21.3133
-111.0214	32.2448
-79.1758	35.4666
-73.8525	40.8703
-79.9252	37.3053
-79.9252	37.3053
-79.987	37.2951
-79.987	37.2951
-79.987	37.2951
-79.9252	37.3053
-79.987	37.2951
-79.9252	37.3053
-79.9252	37.3053
-79.9252	37.3053
-79.987	37.2951
-79.9252	37.3053
-97.822	37.751
-76.8003	39.3709
-79.987	37.2951
-118.244	34.0544
-79.987	37.2951
-79.987	37.2951
-79.987	37.2951
-79.9252	37.3053
-79.9252	37.3053
-79.9252	37.3053
-79.9252	37.3053
-79.9252	37.3053
-79.9252	37.3053
-82.0177	41.4481
-96.9667	32.8489
-104.8093	41.182
-80.2239	26.2134
-104.9694	39.7067
-71.0805	42.2518
-118.268	33.8242
-104.7866	39.6562
-82.5584	36.5491
-117.6599	34.1371
-119.2414	35.7768
-73.9532	40.5828
-118.3211	34.0882
-117.1743	33.6647
-117.4362	34.1211
-91.8296	30.2948
-74.0504	40.8905
-80.1743	26.6113
-74.5584	40.4209
-121.5444	39.0854
-96.4629	32.749
-97.822	37.751
-93.2612	44.9752
-97.822	37.751
-75.2978	38.7678
-74.2372	40.4131
-73.802	42.6552
-73.5661	40.7588
-73.9081	40.8142
-73.9763	40.6643
-97.822	37.751
-97.822	37.751
-97.822	37.751
-97.822	37.751
-97.822	37.751
-97.822	37.751
-97.822	37.751
-97.822	37.751
-97.822	37.751
-97.822	37.751
-97.822	37.751
-97.822	37.751
-97.822	37.751
-97.822	37.751
-97.822	37.751
-97.822	37.751
-97.822	37.751
-97.822	37.751
-97.822	37.751
-97.822	37.751
-97.822	37.751
-119.8856	36.7943
-97.822	37.751
-88.2738	37.2559
-118.1796	34.0486
-75.1826	39.9206
-93.2843	44.9691
-72.1826	42.8233
-82.6815	27.8154
-79.987	37.2951
-87.8795	30.5012
-84.9794	32.5109
-97.822	37.751
-81.6373	41.4344
-74.0432	41.1893
-118.8875	34.2827
-80.7586	41.2291
-122.6291	48.5062
-88.7589	35.8088
-82.7553	39.9072
-73.848	40.726
-71.9722	41.3645
-94.7191	39.214
-74.0311	40.7667
-73.4761	40.7746
-117.058	32.6065
-82.4572	42.9979
-117.0846	33.0287
-80.8729	35.474
-84.1383	40.7955
-90.8097	29.7978
-73.3532	41.1418
-97.822	37.751
-73.9067	40.8312
-94.4983	38.9321
-73.8685	40.828
-97.822	37.751
-73.8977	40.8241
-73.8726	40.8731
-73.9877	40.7425
-73.9467	40.598
-73.8414	40.8881
-73.775	40.68
-73.883	40.7513
-73.9953	40.782
-118.244	34.0544
-73.9115	40.7609
-74.2203	40.7119
-73.8442	40.6805
-74.0938	40.6295
-73.8753	40.6764
-73.7974	40.9943
-73.7985	40.7123
-73.86	40.822
-77.2489	39.109
-73.839	40.66
-97.822	37.751
-73.939	40.6286
-97.822	37.751
-73.8244	40.7513
-74.0014	40.7503
-74.402	40.4306
-73.9267	40.6877
-73.9267	40.6877
-73.9532	40.5828
-73.9115	40.7609
-73.9889	40.5795
-97.822	37.751
-74.0178	40.7662
-73.981	40.6221
-73.7463	40.7196
-74.1939	40.7337
-73.908	40.8777
-73.7045	40.6981
-73.9705	40.6214
-74.1469	40.6002
-73.9559	40.6462
-73.8233	40.873
-97.822	37.751
-73.9037	40.6372
-72.5145	42.256
-73.9532	40.5828
-73.7463	40.7196
-73.7973	40.7584
-73.908	40.8777
-73.9037	40.6372
-73.7815	40.9002
-73.8233	40.873
-74.402	40.4306
-73.9913	40.7589
-97.822	37.751
-73.8883	40.6994
-73.8943	40.6713
-73.7559	41.0129
-74.0216	40.6375
-97.822	37.751
-72.5931	42.0986
-73.9218	40.8547
-73.909	40.7465
-73.6484	40.7244
-97.822	37.751
-73.848	40.726
-73.8726	40.8731
-73.6184	40.7041
-73.9877	40.7425
-73.9067	40.8312
-73.9893	40.7149
-97.822	37.751
-118.244	34.0544
-73.9207	40.6801
-73.8616	40.847
-73.8233	40.873
-74.0001	40.5978
-73.8414	40.8881
-73.9218	40.8547
-73.909	40.7465
-73.9889	40.5795
-73.8883	40.6994
-73.8883	40.6994
-73.8726	40.8731
-73.9235	40.8343
-73.9358	40.6739
-73.9467	40.598
-97.822	37.751
-74.0055	40.7365
-73.7671	40.7132
-73.848	40.726
-73.8414	40.8881
-74.0938	40.6295
-73.9559	40.6462
-74.0001	40.5978
-73.5832	40.6505
-73.9712	40.7428
-73.9877	40.7425
-73.848	40.726
-73.8883	40.6994
-73.8616	40.847
-73.8883	40.6994
-73.9267	40.6877
-73.8685	40.828
-73.9591	40.7099
-73.9926	40.763
-74.1836	40.7597
-74.8389	40.8566
-73.8163	40.6758
-73.8726	40.8731
-73.9267	40.6877
-118.244	34.0544
-73.7985	40.7123
-73.9267	40.6877
-118.0514	34.1283
-73.9877	40.7425
-73.8233	40.873
-73.9904	40.7359
-73.908	40.8777
-73.909	40.7465
-73.8233	40.873
-74.0325	40.7424
-73.9901	40.694
-73.8291	40.7681
-73.8233	40.873
-73.9523	40.665
-74.2203	40.7119
-73.908	40.8777
-73.9183	40.8205
-73.5832	40.6505
-73.9926	40.763
-73.8414	40.8881
-73.9802	40.7683
-73.848	40.726
-73.8244	40.7513
-73.9467	40.598
-74.0216	40.6375
-73.9392	40.7429
-73.909	40.7465
-73.9532	40.5828
-74.2599	40.7476
-73.9559	40.6462
-73.9267	40.6877
-73.9715	40.5948
-73.9067	40.8312
-74.6238	40.5921
-73.8418	40.8477
-73.9267	40.6877
-73.8616	40.847
-73.8883	40.6994
-73.9115	40.7609
-78.4503	35.6353
-111.9195	40.6596
-73.908	40.8777
-74.0005	40.6368
-118.2441	34.0544
-73.9067	40.8312
-73.8902	40.8622
-73.8422	40.7015
-73.9267	40.6877
-73.7283	40.757
-73.883	40.7513
-73.9037	40.6372
-73.848	40.726
-73.9705	40.6214
-97.822	37.751
-73.9712	40.7428
-73.8695	40.7364
-74.0574	40.7467
-73.9272	40.6186
-74.1184	40.5697
-74.1654	40.7641
-74.0001	40.5978
-73.9532	40.5828
-74.0938	40.6295
-74.402	40.4306
-73.7787	41.0282
-73.9235	40.8343
-74	40.7157
-74.2152	40.8823
-73.9701	40.674
-73.9081	40.8142
-73.9712	40.7428
-73.9138	40.6627
-73.9532	40.5828
-73.944	40.7252
-73.9218	40.8547
-73.86	40.822
-73.9218	40.8547
-73.9877	40.7425
-73.9358	40.6739
-73.9267	40.6877
-74.0001	40.5978
-73.8525	40.8703
-73.939	40.6286
-73.9207	40.6801
-72.5145	42.256
-73.9763	40.8
-73.7985	40.7123
-74.0426	40.6208
-73.8422	40.7015
-73.9513	40.8231
-73.7962	40.7341
-73.9701	40.674
-73.8981	40.8646
-73.8977	40.8241
-97.822	37.751
-74.1553	40.7463
-73.8533	40.6915
-73.9889	40.5795
-73.9559	40.6462
-73.8883	40.6994
-73.9712	40.7428
-73.9081	40.8142
-73.7216	41.0349
-73.8525	40.8703
-73.8616	40.847
-73.9037	40.6372
-73.9183	40.8205
-73.9589	40.7653
-73.7985	40.7123
-73.9763	40.8
-73.8525	40.8703
-73.6742	40.731
-73.8943	40.6713
-74.0574	40.7467
-73.9132	40.7787
-73.8943	40.6713
-73.7985	40.7123
-73.8695	40.7364
-73.6742	40.731
-73.9877	40.7425
-74.2293	40.7238
-73.862	40.7484
-73.909	40.7465
-74.2203	40.7119
-73.9272	40.6186
-73.5318	40.76
-97.822	37.751
-73.9889	40.5795
-73.9067	40.8312
-73.9532	40.5828
-73.9138	40.6627
-74.0216	40.6375
-73.9067	40.8312
-73.939	40.6286
-73.7021	40.7235
-73.848	40.726
-74.0005	40.6368
-73.7182	40.7329
-73.9218	40.8547
-73.9218	40.8547
-74.3719	41.0916
-74.0426	40.6208
-73.7497	40.6001
-73.8616	40.847
-73.9272	40.6186
-73.8753	40.6764
-73.944	40.7252
-73.8233	40.873
-73.3313	40.7621
-84.4784	33.844
-74.0001	40.5978
-73.8616	40.847
-73.3313	40.7621
-73.7985	40.7123
-73.7985	40.7123
-73.8943	40.6713
-73.9926	40.763
-73.9559	40.6462
-74.1836	40.7597
-73.9183	40.8205
-73.8726	40.8731
-73.5071	41.1519
-73.7985	40.7123
-73.981	40.6221
-73.9517	40.7621
-73.9272	40.6186
-73.8233	40.873
-73.8244	40.7513
-73.9267	40.6877
-73.7601	40.6631
-73.9392	40.7429
-118.2441	34.0544
-73.7388	40.7109
-73.8695	40.7364
-73.9272	40.6186
-73.8616	40.847
-97.822	37.751
-73.8883	40.6994
-73.9067	40.8312
-74.1939	40.7337
-73.7559	41.0129
-73.7985	40.7123
-73.9559	40.6462
-73.9267	40.6877
-73.8726	40.8731
-73.9267	40.6877
-73.9705	40.6214
-73.944	40.7252
-73.9461	40.7009
-73.7021	40.7235
-73.8981	40.8646
-73.9037	40.6372
-73.9218	40.8547
-74	40.7157
-73.9893	40.7149
-97.822	37.751
-73.4948	40.6785
-73.8233	40.873
-73.839	40.66
-73.8442	40.6805
-73.839	40.66
-73.9802	40.7683
-74.2203	40.7119
-73.981	40.6221
-73.8726	40.8731
-73.9877	40.7425
-73.7985	40.7123
-73.9183	40.8205
-73.8726	40.8731
-73.9267	40.6877
-73.981	40.6221
-73.9532	40.5828
-73.9138	40.6627
-87.707	41.804
-97.822	37.751
-82.5584	36.5491
-97.822	37.751
-74.1804	40.5468
-73.8977	40.8241
-74	40.7157
-73.7985	40.7123
-73.8616	40.847
-73.9532	40.5828
-73.8466	40.7855
-73.7045	40.6981
-73.9532	40.5828
-73.9267	40.6877
-74.1654	40.7641
-73.9115	40.7609
-73.7413	40.6636
-73.9532	40.5828
-73.7182	40.7329
-73.9235	40.7035
-73.9067	40.8312
-73.8498	41.1684
-95.8517	41.2591
-73.9235	40.8343
-73.909	40.7465
-73.8726	40.8731
-73.9138	40.6627
-73.9523	40.665
-74.2293	40.7238
-73.7463	40.7196
-73.9037	40.6372
-73.9532	40.5828
-73.8981	40.8646
-73.7985	40.7123
-73.7815	40.9002
-73.7985	40.7123
-73.8943	40.6713
-74	40.7157
-73.8726	40.8731
-73.9183	40.8205
-74.1939	40.7337
-105.948	32.8954
-73.1233	41.2153
-81.8313	38.375
-73.9358	40.6739
-119.7315	34.4398
-80.3146	25.9381
-77.4903	39.0469
-95.6067	29.7439
-97.822	37.751
-95.6067	29.7439
-95.6067	29.7439
-90.4016	31.1769
-96.9953	28.8039
-90.4016	31.1769
-76.9092	38.7519
-96.1138	41.2327
-97.822	37.751
-112.2491	33.491
-118.2441	34.0544
-97.822	37.751
-97.822	37.751
-97.822	37.751
-81.2868	28.7935
-80.8967	35.8015
-87.8905	42.0487
-118.1739	33.8321
-120.8576	37.5969
-118.4514	34.1104
-87.6587	41.7405
-84.2509	33.6926
-98.2753	29.58
-122.3447	47.6144
-77.2876	38.5648
-118.3016	34.0672
-112.3896	33.4294
-97.822	37.751
-97.822	37.751
-97.822	37.751
-80.0701	37.2849
-85.1684	41.2376
-71.1663	42.7117
-117.3845	34.1147
-83.379	42.5403
-112.0007	33.6861
-97.822	37.751
-90.0607	30.0035
-86.8035	36.1789
-87.5103	41.5873
-79.987	37.2951
-96.9953	28.8039
-88.3075	41.9199
-80.6143	35.4155
-95.1145	29.5981
-95.1145	29.5981
-82.9396	42.5138
-82.9396	42.5138
-73.862	40.7484
-73.862	40.7484
-73.862	40.7484
-78.8428	35.7178
-84.3247	33.9707
-85.0173	35.5019
-82.0084	33.3601
-77.5489	37.6288
-83.4894	42.1955
-122.3029	47.6631
-79.987	37.2951
-79.987	37.2951
-80.0531	37.2555
-80.0531	37.2555
-80.0531	37.2555
-79.987	37.2951
-79.987	37.2951
-80.0531	37.2555
-80.0531	37.2555
-80.0531	37.2555
-110.884	32.2506
-97.822	37.751
-119.1761	34.2149
-96.6746	32.9569
-123.2003	45.21
-75.6794	39.4851
-155.9798	19.6531
-73.909	40.7465
-122.1257	47.6722
-82.377	36.3125
-84.7	33.8907
-94.3999	38.9201
-77.4903	39.0469
-95.5263	30.2121
-73.9877	40.7425
-122.3303	47.6109
-157.9332	21.3908
-157.8621	21.3266
-80.6143	35.4155
-93.3755	44.8261
-82.4948	28.0109
-70.819	42.939
-87.7043	41.9209
-80.3716	25.7277
-81.3024	28.5978
-79.0058	35.0597
-73.9802	40.7683
-75.8239	39.9828
-84.0229	33.8206
-73.8163	40.6758
-73.9532	40.5828
-73.7262	40.789
-73.775	40.68
-73.9218	40.8547
-74	40.7157
-73.8695	40.7364
-75.8239	39.9828
-73.7985	40.7123
-73.8163	40.6758
-73.7985	40.7123
-73.4313	40.7306
-73.9877	40.7425
-73.8616	40.847
-73.9559	40.6462
-74.787	40.7878
-73.9235	40.8343
-73.8813	40.8438
-73.8163	40.6758
-73.9926	40.763
-73.9138	40.6627
-73.7262	40.789
-74.3719	41.0916
-73.9802	40.7683
-73.9591	40.7099
-84.4784	33.844
-73.8883	40.6994
-73.9532	40.5828
-73.9818	40.7263
-73.8695	40.7364
-80.1071	40.685
-74.0574	40.7467
-77.4903	39.0469
-77.4903	39.0469
-77.2481	38.6583
-96.8022	32.7797
-77.4903	39.0469
-96.8022	32.7797
-77.4903	39.0469
-96.9953	28.8039
-96.8022	32.7797
-96.9953	28.8039
-77.2481	38.6583
-96.8022	32.7797
-77.4903	39.0469
-96.9953	28.8039
-96.9953	28.8039
-77.2481	38.6583
-96.8022	32.7797
-97.822	37.751
-77.4903	39.0469
-77.2481	38.6583
-96.8022	32.7797
-77.4903	39.0469
-96.9953	28.8039
-80.1946	25.7689
-72.0449	41.3625
-73.7974	40.9943
-75.021	40.0417
-77.4903	39.0469
-77.2111	38.8263
-97.822	37.751
-76.1624	36.8366
-87.3531	39.4642
-78.1873	39.0819
-97.822	37.751
-82.9033	42.4658
-73.8314	41.145
-87.6318	41.8874
-76.8776	39.2124
-96.805	32.7767
-111.5318	33.1922
-85.844	31.3432
-75.5312	39.7552
-75.9832	36.8566
-78.1857	39.1876
-97.822	37.751
-97.822	37.751
-97.822	37.751
-79.9196	37.4118
-73.981	40.7597
-87.6736	41.8502
-93.0552	34.5037
	
